 0.687  0.81783   0.60239  0.00000
 0.697  0.82310   0.62514  0.00000
 0.707  0.82852   0.64767  0.00000
 0.717  0.83410   0.66993  0.00000
 0.727  0.83985   0.69185  0.00000
 0.737  0.84576   0.71339  0.00000
 0.747  0.85184   0.73447  0.00000
 0.757  0.85807   0.75504  0.00000
 0.767  0.86446   0.77505  0.00000
 0.777  0.87101   0.79443  0.00000
 0.787  0.87770   0.81314  0.00000
 0.797  0.88452   0.83112  0.00000
 0.807  0.89148   0.84832  0.00000
 0.817  0.89854   0.86469  0.00000
 0.827  0.90570   0.88019  0.00000
 0.837  0.91292   0.89478  0.00000
 0.847  0.92018   0.90842  0.00000
 0.857  0.92745   0.92109  0.00000
 0.867  0.93468   0.93276  0.00000
 0.877  0.94182   0.94341  0.00000
 0.887  0.94881   0.95303  0.00000
 0.897  0.95559   0.96161  0.00000
 0.907  0.96206   0.96916  0.00000
 0.917  0.96813   0.97568  0.00000
 0.927  0.97370   0.98118  0.00000
 0.937  0.97862   0.98568  0.00000
 0.947  0.98277   0.98920  0.00000
 0.957  0.98597   0.99179  0.00000
 0.967  0.98804   0.99346  0.00000
 0.977  0.98878   0.99428  0.00000
 0.987  0.98796   0.99429  0.00000
 0.997  0.98536   0.99353  0.00000
 1.007  0.98073   0.99207  0.00000
 1.017  0.97382   0.98998  0.00000
 1.027  0.96438   0.98731  0.00000
 1.037  0.95218   0.98413  0.00000
 1.047  0.93701   0.98053  0.00000
 1.057  0.91870   0.97657  0.00000
 1.067  0.89714   0.97233  0.00000
 1.077  0.87230   0.96789  0.00000
 1.087  0.84420   0.96333  0.00000
 1.097  0.81300   0.95874  0.00000
 1.107  0.77893   0.95420  0.00000
 1.117  0.74233   0.94979  0.00000
 1.127  0.70364   0.94559  0.00000
 1.137  0.66338   0.94168  0.00000
 1.147  0.62211   0.93814  0.00000
 1.157  0.58044   0.93505  0.00000
 1.167  0.53900   0.93248  0.00000
 1.177  0.49839   0.93048  0.00000
 1.187  0.45917   0.92911  0.00000
 1.197  0.42184   0.92840  0.00000
 1.207  0.38685   0.92837  0.00000
 1.217  0.35456   0.92901  0.00000
 1.227  0.32525   0.93025  0.00000
 1.237  0.29916   0.93200  0.00000
 1.247  0.27643   0.93408  0.00000
 1.257  0.25719   0.93622  0.00000
 1.267  0.24150   0.93803  0.00000
 1.277  0.22939   0.93896  0.00000
 1.287  0.22087   0.93825  0.00000
 1.297  0.21593   0.93487  0.00000
 1.307  0.21452   0.92750  0.00000
 1.317  0.21656   0.91443  0.00000
 1.327  0.22196   0.89359  0.00000
 1.337  0.23055   0.86255  0.00000
 1.347  0.24211   0.81863  0.00000
 1.357  0.25636   0.75922  0.00000
 1.367  0.27294   0.68218  0.00000
 1.377  0.29143   0.58644  0.00000
 1.387  0.31132   0.47264  0.00000
 1.397  0.33208   0.34355  0.00000
 1.407  0.35312   0.20416  0.00000
 1.417  0.37390   0.06104  0.00000
 1.427  0.39389  -0.07864  0.00000
 1.437  0.41264  -0.20837  0.00000
 1.447  0.42978  -0.32325  0.00000
 1.457  0.44504  -0.42040  0.00000
 1.467  0.45824  -0.49891  0.00000
 1.477  0.46931  -0.55935  0.00000
 1.487  0.47821  -0.60324  0.00000
 1.497  0.48501  -0.63255  0.00000
 1.507  0.48976  -0.64930  0.00000
 1.517  0.49258  -0.65538  0.00000
 1.527  0.49355  -0.65240  0.00000
 1.537  0.49277  -0.64167  0.00000
 1.547  0.49031  -0.62422  0.00000
 1.557  0.48626  -0.60085  0.00000
 1.567  0.48065  -0.57214  0.00000
 1.577  0.47354  -0.53856  0.00000
 1.587  0.46496  -0.50050  0.00000
 1.597  0.45497  -0.45831  0.00000
 1.607  0.44365  -0.41239  0.00000
 1.617  0.43111  -0.36322  0.00000
 1.627  0.41752  -0.31140  0.00000
 1.637  0.40308  -0.25767  0.00000
 1.647  0.38809  -0.20293  0.00000
 1.657  0.37287  -0.14822  0.00000
 1.667  0.35779  -0.09469  0.00000
 1.677  0.34321  -0.04354  0.00000
 1.687  0.32949   0.00405  0.00000
 1.697  0.31693   0.04703  0.00000
 1.707  0.30577   0.08452  0.00000
 1.717  0.29616   0.11590  0.00000
 1.727  0.28815   0.14082  0.00000
 1.737  0.28175   0.15922  0.00000
 1.747  0.27686   0.17129  0.00000
 1.757  0.27336   0.17744  0.00000
 1.767  0.27110   0.17822  0.00000
 1.777  0.26991   0.17428  0.00000
 1.787  0.26964   0.16632  0.00000
 1.797  0.27011   0.15502  0.00000
 1.807  0.27119   0.14104  0.00000
 1.817  0.27276   0.12498  0.00000
 1.827  0.27469   0.10736  0.00000
 1.837  0.27691   0.08865  0.00000
 1.847  0.27933   0.06921  0.00000
 1.857  0.28189   0.04938  0.00000
 1.867  0.28453   0.02941  0.00000
 1.877  0.28723   0.00949  0.00000
 1.887  0.28995  -0.01020  0.00000
 1.897  0.29266  -0.02956  0.00000
 1.907  0.29534  -0.04848  0.00000
 1.917  0.29798  -0.06692  0.00000
 1.927  0.30057  -0.08481  0.00000
 1.937  0.30310  -0.10214  0.00000
 1.947  0.30557  -0.11889  0.00000
 1.957  0.30798  -0.13505  0.00000
 1.967  0.31031  -0.15064  0.00000
 1.977  0.31258  -0.16565  0.00000
 1.987  0.31477  -0.18010  0.00000
 1.997  0.31690  -0.19400  0.00000
