 0.687  0.00000  0.00000 -0.00000  0.00000 -0.00000  0.00000  0.00000 -0.00000  0.00000 -0.00000  0.00000 -0.00000  0.00000 -0.00000  0.00000 
 0.737  0.06862  0.01748 -0.01258  0.00952 -0.01098  0.00710  0.00052 -0.00172  0.00173 -0.00143  0.00014 -0.00062  0.00089 -0.00140  0.00062 
 0.787  0.14508  0.03175 -0.02292  0.01779 -0.02022  0.01332  0.00084 -0.00279  0.00280 -0.00232  0.00023 -0.00103  0.00148 -0.00232  0.00103 
 0.837  0.29896  0.05285 -0.03829  0.03052 -0.03408  0.02297  0.00119 -0.00394  0.00394 -0.00325  0.00034 -0.00150  0.00216 -0.00335  0.00150 
 0.887  0.71267  0.09140 -0.06652  0.05406 -0.05919  0.04095  0.00159 -0.00528  0.00528 -0.00434  0.00047 -0.00209  0.00299 -0.00463  0.00209 
 0.937  2.34700  0.17403 -0.12728  0.10013 -0.10764  0.07629  0.00210 -0.00694  0.00693 -0.00568  0.00064 -0.00287  0.00411 -0.00632  0.00286 
 0.987  5.67138  0.10141 -0.07293  0.00848 -0.01428  0.00370  0.00275 -0.00910  0.00907 -0.00740  0.00089 -0.00398  0.00569 -0.00868  0.00396 
 1.037  1.91739 -0.06213  0.04886 -0.09018  0.08545 -0.07445  0.00365 -0.01205  0.01197 -0.00972  0.00127 -0.00566  0.00807 -0.01219  0.00561 
 1.087  0.77293 -0.04720  0.03895 -0.07572  0.06798 -0.06537  0.00495 -0.01631  0.01615 -0.01305  0.00189 -0.00840  0.01195 -0.01786  0.00830 
 1.137  0.46042 -0.02081  0.02130 -0.06317  0.05113 -0.05989  0.00698 -0.02297  0.02265 -0.01820  0.00302 -0.01337  0.01894 -0.02798  0.01314 
 1.187  0.37880  0.01250  0.00007 -0.05147  0.03225 -0.06029  0.01051 -0.03450  0.03385 -0.02703  0.00539 -0.02373  0.03345 -0.04874  0.02317 
 1.237  0.44280  0.06544 -0.03235 -0.02404 -0.01017 -0.06342  0.01724 -0.05638  0.05502 -0.04363  0.01122 -0.04918  0.06893 -0.09881  0.04764 
 1.287  0.67858  0.12735 -0.06972  0.07732 -0.13991 -0.03909  0.02542 -0.08294  0.08062 -0.06346  0.02363 -0.10296  0.14323 -0.20151  0.09874 
 1.337  0.57816  0.04025 -0.01969  0.15065 -0.20384  0.03469  0.01191 -0.03906  0.03842 -0.03002  0.01911 -0.08264  0.11389 -0.15673  0.07826 
 1.387  0.33855 -0.01811  0.01295  0.09388 -0.12552  0.04245  0.00246 -0.00850  0.00922 -0.00716  0.00733 -0.03144  0.04281 -0.05743  0.02930 
 1.437  0.26475 -0.01403  0.00874  0.05915 -0.08643  0.03565  0.00184 -0.00660  0.00760 -0.00585  0.00304 -0.01289  0.01730 -0.02259  0.01178 
 1.487  0.25155  0.00678 -0.00547  0.04326 -0.07192  0.03146  0.00333 -0.01148  0.01244 -0.00946  0.00146 -0.00614  0.00813 -0.01045  0.00551 
 1.537  0.25412  0.03266 -0.02273  0.03543 -0.06646  0.02895  0.00528 -0.01783  0.01863 -0.01401  0.00084 -0.00356  0.00475 -0.00630  0.00323 
 1.587  0.25381  0.05823 -0.03970  0.03112 -0.06338  0.02648  0.00721 -0.02405  0.02467 -0.01834  0.00071 -0.00311  0.00435 -0.00631  0.00301 
 1.637  0.24519  0.08053 -0.05458  0.02937 -0.06126  0.02370  0.00905 -0.03003  0.03056 -0.02246  0.00098 -0.00446  0.00653 -0.00992  0.00457 
 1.687  0.23186  0.09848 -0.06667  0.03127 -0.06186  0.02186  0.01087 -0.03598  0.03654 -0.02652  0.00163 -0.00748  0.01104 -0.01659  0.00776 
 1.737  0.21261  0.10577 -0.07134  0.03495 -0.06313  0.02155  0.01170 -0.03860  0.03909 -0.02801  0.00223 -0.01015  0.01486 -0.02168  0.01042 
 1.787  0.18136  0.09631 -0.06429  0.03429 -0.05803  0.02042  0.01045 -0.03428  0.03443 -0.02435  0.00219 -0.00985  0.01426 -0.02014  0.00996 
 1.837  0.14603  0.07921 -0.05214  0.02937 -0.04799  0.01762  0.00827 -0.02692  0.02672 -0.01865  0.00175 -0.00779  0.01112 -0.01523  0.00773 
 1.887  0.11554  0.06334 -0.04108  0.02377 -0.03803  0.01441  0.00634 -0.02046  0.02002 -0.01380  0.00131 -0.00578  0.00814 -0.01083  0.00564 
 1.937  0.09156  0.05069 -0.03239  0.01900 -0.02989  0.01155  0.00488 -0.01560  0.01505 -0.01024  0.00098 -0.00427  0.00594 -0.00769  0.00410 
 1.987  0.07301  0.04082 -0.02570  0.01521 -0.02357  0.00921  0.00380 -0.01204  0.01144 -0.00769  0.00074 -0.00321  0.00440 -0.00554  0.00302 
