 0.687  0.00000  0.00000 -0.00000  0.00000 -0.00000  0.00000 -0.00000 -0.00000  0.00000 -0.00000 -0.00000 -0.00000  0.00000 -0.00000  0.00000 
 0.737  0.07932  0.01965 -0.01314  0.00841 -0.01153  0.00710 -0.00041 -0.00163  0.00173 -0.00040 -0.00043 -0.00045  0.00089 -0.00020  0.00000 
 0.787  0.16265  0.03525 -0.02383  0.01598 -0.02113  0.01332 -0.00066 -0.00263  0.00280 -0.00064 -0.00072 -0.00076  0.00148 -0.00034  0.00000 
 0.837  0.32415  0.05775 -0.03957  0.02793 -0.03540  0.02297 -0.00091 -0.00371  0.00394 -0.00091 -0.00103 -0.00110  0.00216 -0.00050  0.00000 
 0.887  0.74718  0.09793 -0.06824  0.05055 -0.06103  0.04095 -0.00120 -0.00498  0.00528 -0.00122 -0.00141 -0.00153  0.00299 -0.00069  0.00000 
 0.937  2.39360  0.18255 -0.12955  0.09541 -0.11015  0.07629 -0.00155 -0.00655  0.00693 -0.00160 -0.00192 -0.00211  0.00411 -0.00095  0.00000 
 0.987  5.73463  0.11247 -0.07591  0.00214 -0.01776  0.00370 -0.00199 -0.00858  0.00907 -0.00210 -0.00261 -0.00292  0.00569 -0.00132  0.00000 
 1.037  2.00504 -0.04764  0.04492 -0.09887  0.08052 -0.07445 -0.00256 -0.01136  0.01197 -0.00279 -0.00364 -0.00416  0.00807 -0.00188  0.00000 
 1.087  0.89925 -0.02784  0.03361 -0.08810  0.06069 -0.06537 -0.00335 -0.01538  0.01615 -0.00378 -0.00527 -0.00619  0.01195 -0.00280  0.00000 
 1.137  0.65471  0.00605  0.01379 -0.08193  0.03960 -0.05989 -0.00453 -0.02166  0.02265 -0.00533 -0.00814 -0.00986  0.01894 -0.00447  0.00000 
 1.187  0.71064  0.05216 -0.01121 -0.08306  0.01191 -0.06029 -0.00648 -0.03252  0.03385 -0.00803 -0.01394 -0.01754  0.03345 -0.00797  0.00000 
 1.237  1.10275  0.12904 -0.05078 -0.08603 -0.05201 -0.06342 -0.01002 -0.05316  0.05502 -0.01316 -0.02767 -0.03645  0.06893 -0.01660  0.00000 
 1.287  2.00643  0.21929 -0.09678 -0.04685 -0.22664 -0.03909 -0.01398 -0.07820  0.08062 -0.01941 -0.05493 -0.07657  0.14323 -0.03495  0.00000 
 1.337  1.61677  0.08393 -0.03230  0.05160 -0.27258  0.03469 -0.00681 -0.03686  0.03842 -0.00909 -0.04127 -0.06172  0.11389 -0.02826  0.00000 
 1.387  0.73982 -0.00708  0.01036  0.05285 -0.15125  0.04245 -0.00227 -0.00804  0.00922 -0.00188 -0.01445 -0.02361  0.04281 -0.01085  0.00000 
 1.437  0.44770 -0.00477  0.00682  0.03772 -0.09677  0.03565 -0.00213 -0.00626  0.00760 -0.00141 -0.00538 -0.00974  0.01730 -0.00450  0.00000 
 1.487  0.36269  0.02123 -0.00892  0.02794 -0.07676  0.03146 -0.00286 -0.01088  0.01244 -0.00254 -0.00238 -0.00466  0.00813 -0.00216  0.00000 
 1.537  0.34317  0.05348 -0.02816  0.02185 -0.06929  0.02895 -0.00364 -0.01688  0.01863 -0.00404 -0.00151 -0.00270  0.00475 -0.00125  0.00000 
 1.587  0.34407  0.08503 -0.04703  0.01755 -0.06602  0.02648 -0.00428 -0.02277  0.02467 -0.00550 -0.00178 -0.00230  0.00435 -0.00105  0.00000 
 1.637  0.35578  0.11297 -0.06368  0.01454 -0.06527  0.02370 -0.00485 -0.02844  0.03056 -0.00691 -0.00307 -0.00324  0.00653 -0.00145  0.00000 
 1.687  0.37974  0.13651 -0.07746  0.01390 -0.06868  0.02186 -0.00543 -0.03409  0.03654 -0.00830 -0.00514 -0.00541  0.01104 -0.00242  0.00000 
 1.737  0.38601  0.14558 -0.08279  0.01605 -0.07228  0.02155 -0.00537 -0.03660  0.03909 -0.00893 -0.00653 -0.00737  0.01486 -0.00330  0.00000 
 1.787  0.33718  0.13048 -0.07436  0.01757 -0.06678  0.02042 -0.00420 -0.03251  0.03443 -0.00798 -0.00583 -0.00719  0.01426 -0.00324  0.00000 
 1.837  0.26365  0.10495 -0.05997  0.01660 -0.05479  0.01762 -0.00276 -0.02555  0.02672 -0.00632 -0.00423 -0.00572  0.01112 -0.00259  0.00000 
 1.887  0.19973  0.08203 -0.04697  0.01445 -0.04298  0.01441 -0.00167 -0.01942  0.02002 -0.00484 -0.00287 -0.00427  0.00814 -0.00194  0.00000 
 1.937  0.15179  0.06428 -0.03683  0.01220 -0.03349  0.01155 -0.00094 -0.01482  0.01505 -0.00373 -0.00194 -0.00318  0.00594 -0.00145  0.00000 
 1.987  0.11663  0.05080 -0.02908  0.01020 -0.02622  0.00921 -0.00048 -0.01144  0.01144 -0.00290 -0.00132 -0.00240  0.00440 -0.00110  0.00000 
